# Matriz do Cen·rio 1
    .byte 1,1,1,1,1,1,1,1,1,1,1,1,1,1,1,1,1,1,1,1
    .byte 1,0,0,0,0,0,0,0,0,0,0,0,0,0,0,0,0,0,0,1
    .byte 1,0,0,0,1,0,0,0,2,2,0,0,0,0,0,0,0,0,0,1
    .byte 1,0,0,0,0,0,0,0,0,0,0,0,0,0,0,0,0,0,0,1
    .byte 1,0,0,0,0,0,0,0,0,0,0,0,0,0,0,0,0,0,0,1
    .byte 1,0,0,0,0,0,0,0,0,0,0,0,0,0,0,0,0,0,0,1
    .byte 1,0,0,0,0,0,0,0,0,0,0,0,0,0,0,0,0,0,0,1
    .byte 1,0,1,1,1,0,0,0,0,0,0,0,0,0,0,0,0,0,0,1
    .byte 1,0,0,0,0,0,0,0,0,0,0,0,0,0,0,0,0,0,0,1
    .byte 1,0,0,0,0,0,0,0,0,0,0,2,2,1,1,0,0,0,0,1
    .byte 1,0,0,0,0,1,1,1,2,0,0,0,0,0,0,0,0,0,0,1
    .byte 1,0,0,0,0,0,0,0,0,0,0,0,0,0,0,0,0,0,0,1
    .byte 1,0,0,0,0,0,0,0,0,0,0,0,0,0,0,0,0,0,4,4
    .byte 1,0,0,0,0,0,0,0,0,0,0,0,0,0,2,2,0,0,4,4
    .byte 1,1,1,1,1,1,1,1,1,1,1,1,1,1,1,1,1,1,1,1
